      2       2       6       1       6
        1    -1.000000000000000e+00    -5.000000000000000e-01 
        2    -1.000000000000000e+00     5.000000000000000e-01 
        3     0.000000000000000e+00    -5.000000000000000e-01 
        4     0.000000000000000e+00     5.000000000000000e-01 
        5     1.000000000000000e+00    -5.000000000000000e-01 
        6     1.000000000000000e+00     5.000000000000000e-01 
      1 1
        1   4
        2   4
        1   1         3         4         2         1 
        2   1         5         6         4         3 
        1          1          1          3          1   B          0    0 
        2          2          3          5          1   B          0    0 
        3          2          5          6          1   B          0    0 
        4          1          4          2          1   B          0    0 
        5          2          6          4          1   B          0    0 
        6          1          2          1          1   B          0    0 
