      2      32      45       1      24
        1    -1.000000000000000e+00    -5.000000000000000e-01 
        2    -1.000000000000000e+00    -2.500000000000000e-01 
        3    -7.500000000000000e-01    -5.000000000000000e-01 
        4    -7.500000000000000e-01    -2.500000000000000e-01 
        5    -1.000000000000000e+00     0.000000000000000e+00 
        6    -5.000000000000000e-01    -5.000000000000000e-01 
        7    -5.000000000000000e-01    -2.500000000000000e-01 
        8    -7.500000000000000e-01     0.000000000000000e+00 
        9    -5.000000000000000e-01     0.000000000000000e+00 
       10    -2.500000000000000e-01    -5.000000000000000e-01 
       11    -1.000000000000000e+00     2.500000000000000e-01 
       12    -2.500000000000000e-01    -2.500000000000000e-01 
       13    -7.500000000000000e-01     2.500000000000000e-01 
       14    -5.000000000000000e-01     2.500000000000000e-01 
       15    -2.500000000000000e-01     0.000000000000000e+00 
       16    -1.000000000000000e+00     5.000000000000000e-01 
       17     0.000000000000000e+00    -5.000000000000000e-01 
       18    -7.500000000000000e-01     5.000000000000000e-01 
       19     0.000000000000000e+00    -2.500000000000000e-01 
       20    -2.500000000000000e-01     2.500000000000000e-01 
       21    -5.000000000000000e-01     5.000000000000000e-01 
       22     0.000000000000000e+00     0.000000000000000e+00 
       23     2.500000000000000e-01    -5.000000000000000e-01 
       24    -2.500000000000000e-01     5.000000000000000e-01 
       25     0.000000000000000e+00     2.500000000000000e-01 
       26     2.500000000000000e-01    -2.500000000000000e-01 
       27     2.500000000000000e-01     0.000000000000000e+00 
       28     0.000000000000000e+00     5.000000000000000e-01 
       29     2.500000000000000e-01     2.500000000000000e-01 
       30     5.000000000000000e-01    -5.000000000000000e-01 
       31     5.000000000000000e-01    -2.500000000000000e-01 
       32     5.000000000000000e-01     0.000000000000000e+00 
       33     2.500000000000000e-01     5.000000000000000e-01 
       34     5.000000000000000e-01     2.500000000000000e-01 
       35     7.500000000000000e-01    -5.000000000000000e-01 
       36     7.500000000000000e-01    -2.500000000000000e-01 
       37     5.000000000000000e-01     5.000000000000000e-01 
       38     7.500000000000000e-01     0.000000000000000e+00 
       39     7.500000000000000e-01     2.500000000000000e-01 
       40     1.000000000000000e+00    -5.000000000000000e-01 
       41     7.500000000000000e-01     5.000000000000000e-01 
       42     1.000000000000000e+00    -2.500000000000000e-01 
       43     1.000000000000000e+00     0.000000000000000e+00 
       44     1.000000000000000e+00     2.500000000000000e-01 
       45     1.000000000000000e+00     5.000000000000000e-01 
      1 1
        1   4
        2   4
        3   4
        4   4
        5   4
        6   4
        7   4
        8   4
        9   4
       10   4
       11   4
       12   4
       13   4
       14   4
       15   4
       16   4
       17   4
       18   4
       19   4
       20   4
       21   4
       22   4
       23   4
       24   4
       25   4
       26   4
       27   4
       28   4
       29   4
       30   4
       31   4
       32   4
        1   1         3         4         2         1 
        2   1         6         7         4         3 
        3   1        10        12         7         6 
        4   1        17        19        12        10 
        5   1        23        26        19        17 
        6   1        30        31        26        23 
        7   1        35        36        31        30 
        8   1        40        42        36        35 
        9   1         4         8         5         2 
       10   1         7         9         8         4 
       11   1        12        15         9         7 
       12   1        19        22        15        12 
       13   1        26        27        22        19 
       14   1        31        32        27        26 
       15   1        36        38        32        31 
       16   1        42        43        38        36 
       17   1         8        13        11         5 
       18   1         9        14        13         8 
       19   1        15        20        14         9 
       20   1        22        25        20        15 
       21   1        27        29        25        22 
       22   1        32        34        29        27 
       23   1        38        39        34        32 
       24   1        43        44        39        38 
       25   1        13        18        16        11 
       26   1        14        21        18        13 
       27   1        20        24        21        14 
       28   1        25        28        24        20 
       29   1        29        33        28        25 
       30   1        34        37        33        29 
       31   1        39        41        37        34 
       32   1        44        45        41        39 
        1          1          1          3          1   B          0    0 
        2          2          3          6          1   B          0    0 
        3          3          6         10          1   B          0    0 
        4          4         10         17          1   B          0    0 
        5          5         17         23          1   B          0    0 
        6          6         23         30          1   B          0    0 
        7          7         30         35          1   B          0    0 
        8          8         35         40          1   B          0    0 
        9          8         40         42          1   B          0    0 
       10         16         42         43          1   B          0    0 
       11         24         43         44          1   B          0    0 
       12         32         44         45          1   B          0    0 
       13         25         18         16          1   B          0    0 
       14         26         21         18          1   B          0    0 
       15         27         24         21          1   B          0    0 
       16         28         28         24          1   B          0    0 
       17         29         33         28          1   B          0    0 
       18         30         37         33          1   B          0    0 
       19         31         41         37          1   B          0    0 
       20         32         45         41          1   B          0    0 
       21          1          2          1          1   B          0    0 
       22          9          5          2          1   B          0    0 
       23         17         11          5          1   B          0    0 
       24         25         16         11          1   B          0    0 
