2   3   5   2   6
1   -0.707106781186548e+00  0.707106781186548e+00
2  -1.000000000000000e+00   0.000000000000000e+00
3   -0.500000000000000e+00   0.250000000000000e+00
4   -1.200000000000000e+00  0.60000000000000e+00
4   -0.600000000000000e+00  0.80000000000000e+00
1   1
2   2
1   3
2   3
3   3
1   1   2   3   1
2   2   2   1   4
2   1   1   3   5
1   1   1   2   3   I   1   0 
2   1   2   3   1   B   0   0 
3   3   3   5   1   B   0   0 
4   3   5   1   1   B   0   0 
5   2   1   4   1   B   0   0 
6   2   4   2   1   B   0   0 
